     3.03125    1008.00     31.74902
     3.03906    1008.00     31.74902
     3.04688    1008.00     31.74902
     3.05469    1008.00     31.74902
     3.06250    1008.00     31.74902
     3.07031    1008.00     31.74902
     3.07813    1008.00     31.74902
     3.08594    1008.00     31.74902
     3.09375    1008.00     31.74902
     3.10156    1008.00     31.74902
     3.10938    1008.00     31.74902
     3.11719    1008.00     31.74902
     3.12500    1008.00     31.74902
     3.13281    1008.00     31.74902
     3.14063    1008.00     31.74902
     3.14844    1008.00     31.74902
     3.15625    1008.00     31.74902
     3.16406    1008.00     31.74902
     3.17188    1008.00     31.74902
     3.17969    1008.00     31.74902
     3.18750    1008.00     31.74902
     3.19531    1008.00     31.74902
     3.20313    1008.00     31.74902
     3.21094    1008.00     31.74902
     3.21875    1008.00     31.74902
     3.22656    1008.00     31.74902
     3.23438    1008.00     31.74902
     3.24219    1008.00     31.74902
     3.25000    1008.00     31.74902
     3.25781    1008.00     31.74902
     3.26563    1008.00     31.74902
     3.27344    1008.00     31.74902
     3.28125    1008.00     31.74902
     3.28906    1008.00     31.74902
     3.29688    1008.00     31.74902
     3.30469    1008.00     31.74902
     3.31250    1008.00     31.74902
     3.32031    1008.00     31.74902
     3.32813    1008.00     31.74902
     3.33594    1008.00     31.74902
     3.34375    1008.00     31.74902
     3.35156    1008.00     31.74902
     3.35938    1008.00     31.74902
     3.36719    1008.00     31.74902
     3.37500    1008.00     31.74902
     3.38281    1008.00     31.74902
     3.39063    1008.00     31.74902
     3.39844    1008.00     31.74902
     3.40625    1008.00     31.74902
     3.41406    1008.00     31.74902
     3.42188    1008.00     31.74902
     3.42969    1008.00     31.74902
     3.43750    1008.00     31.74902
     3.44531    1008.00     31.74902
     3.45313    1008.00     31.74902
     3.46094    1008.00     31.74902
     3.46875    1008.00     31.74902
     3.47656    1008.00     31.74902
     3.48438    1008.00     31.74902
     3.49219    1008.00     31.74902
     3.50000    1008.00     31.74902
     3.50781       6.00      2.44949
     3.51563       4.00      2.00000
     3.52344       6.00      2.44949
     3.53125       9.00      3.00000
     3.53906       6.00      2.44949
     3.54688      10.00      3.16228
     3.55469       7.00      2.64575
     3.56250      10.00      3.16228
     3.57031       4.00      2.00000
     
     
